0.000000 1.000000
0.003750 0.994842
0.007500 0.990942
0.011250 0.985529
0.015000 0.981313
0.018750 0.976108
0.022500 0.971788
0.026250 0.966768
0.030000 0.962377
0.033750 0.957259
0.037500 0.952896
0.041250 0.947814
0.045000 0.943449
0.048750 0.938586
0.052500 0.934345
0.056250 0.929439
0.060000 0.924980
0.063750 0.920100
0.067500 0.915589
0.071250 0.910901
0.075000 0.906463
0.078750 0.901870
0.082500 0.897201
0.086250 0.892478
0.090000 0.887998
0.093750 0.883271
0.097500 0.879018
0.101250 0.874195
0.105000 0.869961
0.108750 0.865192
0.112500 0.860917
0.116250 0.856218
0.120000 0.851898
0.123750 0.847144
0.127500 0.843059
0.131250 0.838369
0.135000 0.833903
0.138750 0.829601
0.142500 0.825165
0.146250 0.820617
0.150000 0.816290
0.153750 0.811842
0.157500 0.807692
0.161250 0.802768
0.165000 0.798478
0.168750 0.794332
0.172500 0.789868
0.176250 0.785460
0.180000 0.781134
0.183750 0.776690
0.187500 0.772488
0.191250 0.768237
0.195000 0.763997
0.198750 0.759556
0.202500 0.755259
0.206250 0.750801
0.210000 0.746725
0.213750 0.742403
0.217500 0.738252
0.221250 0.733871
0.225000 0.729627
0.228750 0.725377
0.232500 0.721392
0.236250 0.717159
0.240000 0.712879
0.243750 0.708468
0.247500 0.704357
0.251250 0.699997
0.255000 0.696176
0.258750 0.691960
0.262500 0.687827
0.266250 0.683471
0.270000 0.679437
0.273750 0.675183
0.277500 0.671448
0.281250 0.666959
0.285000 0.663063
0.288750 0.658853
0.292500 0.654921
0.296250 0.650583
0.300000 0.646611
0.303750 0.642676
0.307500 0.638798
0.311250 0.634545
0.315000 0.630639
0.318750 0.626668
0.322500 0.622448
0.326250 0.618303
0.330000 0.614687
0.333750 0.610496
0.337500 0.606560
0.341250 0.602445
0.345000 0.598885
0.348750 0.594496
0.352500 0.590741
0.356250 0.586912
0.360000 0.582805
0.363750 0.578940
0.367500 0.575314
0.371250 0.571147
0.375000 0.567281
0.378750 0.563385
0.382500 0.559721
0.386250 0.555831
0.390000 0.551835
0.393750 0.547967
0.397500 0.544296
0.401250 0.540053
0.405000 0.536505
0.408750 0.532610
0.412500 0.528950
0.416250 0.525254
0.420000 0.521436
0.423750 0.517683
0.427500 0.514116
0.431250 0.510122
0.435000 0.506502
0.438750 0.502603
0.442500 0.498996
0.446250 0.495181
0.450000 0.491463
0.453750 0.487737
0.457500 0.484063
0.461250 0.480405
0.465000 0.476857
0.468750 0.473115
0.472500 0.469571
0.476250 0.466009
0.480000 0.462176
0.483750 0.458344
0.487500 0.454878
0.491250 0.451436
0.495000 0.447719
0.498750 0.444167
0.502500 0.440588
0.506250 0.436996
0.510000 0.433480
0.513750 0.429842
0.517500 0.426486
0.521250 0.422805
0.525000 0.419317
0.528750 0.415744
0.532500 0.412263
0.536250 0.408691
0.540000 0.405332
0.543750 0.401995
0.547500 0.398292
0.551250 0.394778
0.555000 0.391476
0.558750 0.387965
0.562500 0.384438
0.566250 0.381010
0.570000 0.377764
0.573750 0.374202
0.577500 0.371044
0.581250 0.367413
0.585000 0.364136
0.588750 0.360659
0.592500 0.357385
0.596250 0.353938
0.600000 0.350632
0.603750 0.347401
0.607500 0.344025
0.611250 0.340583
0.615000 0.337433
0.618750 0.334071
0.622500 0.330752
0.626250 0.327512
0.630000 0.324354
0.633750 0.320806
0.637500 0.317853
0.641250 0.314400
0.645000 0.311267
0.648750 0.307844
0.652500 0.304894
0.656250 0.301480
0.660000 0.298399
0.663750 0.295211
0.667500 0.292065
0.671250 0.288778
0.675000 0.285617
0.678750 0.282740
0.682500 0.279282
0.686250 0.276154
0.690000 0.273046
0.693750 0.269865
0.697500 0.266859
0.701250 0.263736
0.705000 0.260489
0.708750 0.257483
0.712500 0.254491
0.716250 0.251343
0.720000 0.248330
0.723750 0.245199
0.727500 0.242154
0.731250 0.239150
0.735000 0.236204
0.738750 0.233045
0.742500 0.230275
0.746250 0.227154
0.750000 0.224120
0.753750 0.221067
0.757500 0.218237
0.761250 0.215102
0.765000 0.212369
0.768750 0.209275
0.772500 0.206360
0.776250 0.203419
0.780000 0.200445
0.783750 0.197668
0.787500 0.194701
0.791250 0.191834
0.795000 0.188976
0.798750 0.186090
0.802500 0.183110
0.806250 0.180443
0.810000 0.177420
0.813750 0.174692
0.817500 0.171851
0.821250 0.169016
0.825000 0.166342
0.828750 0.163304
0.832500 0.160703
0.836250 0.157783
0.840000 0.155173
0.843750 0.152199
0.847500 0.149676
0.851250 0.146764
0.855000 0.144315
0.858750 0.141161
0.862500 0.138758
0.866250 0.135785
0.870000 0.133318
0.873750 0.130559
0.877500 0.127896
0.881250 0.125120
0.885000 0.122636
0.888750 0.119793
0.892500 0.117254
0.896250 0.114489
0.900000 0.111997
0.903750 0.109163
0.907500 0.106764
0.911250 0.104097
0.915000 0.101439
0.918750 0.098975
0.922500 0.096404
0.926250 0.093813
0.930000 0.091175
0.933750 0.088644
0.937500 0.086190
0.941250 0.083515
0.945000 0.081034
0.948750 0.078517
0.952500 0.076100
0.956250 0.073646
0.960000 0.071050
0.963750 0.068591
0.967500 0.066049
0.971250 0.063581
0.975000 0.061285
0.978750 0.058678
0.982500 0.056341
0.986250 0.053867
0.990000 0.051555
0.993750 0.048961
0.997500 0.046642
1.001250 0.044369
1.005000 0.042249
1.008750 0.040446
1.012500 0.038760
1.016250 0.037026
1.020000 0.035554
1.023750 0.034137
1.027500 0.032742
1.031250 0.031408
1.035000 0.030218
1.038750 0.028897
1.042500 0.027742
1.046250 0.026690
1.050000 0.025529
1.053750 0.024546
1.057500 0.023581
1.061250 0.022574
1.065000 0.021665
1.068750 0.020891
1.072500 0.019969
1.076250 0.019111
1.080000 0.018362
1.083750 0.017534
1.087500 0.016879
1.091250 0.016177
1.095000 0.015415
1.098750 0.014808
1.102500 0.014165
1.106250 0.013587
1.110000 0.012960
1.113750 0.012409
1.117500 0.011852
1.121250 0.011319
1.125000 0.010804
1.128750 0.010311
1.132500 0.009865
1.136250 0.009420
1.140000 0.008931
1.143750 0.008519
1.147500 0.008134
1.151250 0.007779
1.155000 0.007390
1.158750 0.007025
1.162500 0.006694
1.166250 0.006353
1.170000 0.005990
1.173750 0.005700
1.177500 0.005406
1.181250 0.005143
1.185000 0.004831
1.188750 0.004577
1.192500 0.004355
1.196250 0.004109
1.200000 0.003880
1.203750 0.003634
1.207500 0.003423
1.211250 0.003234
1.215000 0.003030
1.218750 0.002864
1.222500 0.002681
1.226250 0.002535
1.230000 0.002349
1.233750 0.002189
1.237500 0.002041
1.241250 0.001908
1.245000 0.001783
1.248750 0.001668
1.252500 0.001551
1.256250 0.001421
1.260000 0.001313
1.263750 0.001213
1.267500 0.001128
1.271250 0.001042
1.275000 0.000956
1.278750 0.000872
1.282500 0.000793
1.286250 0.000726
1.290000 0.000660
1.293750 0.000603
1.297500 0.000548
1.301250 0.000494
1.305000 0.000444
1.308750 0.000395
1.312500 0.000350
1.316250 0.000314
1.320000 0.000277
1.323750 0.000247
1.327500 0.000214
1.331250 0.000187
1.335000 0.000164
1.338750 0.000139
1.342500 0.000121
1.346250 0.000103
1.350000 0.000087
1.353750 0.000073
1.357500 0.000063
1.361250 0.000048
1.365000 0.000036
1.368750 0.000026
1.372500 0.000020
1.376250 0.000016
1.380000 0.000012
1.383750 0.000009
1.387500 0.000006
1.391250 0.000003
1.395000 0.000002
1.398750 0.000001
1.402500 0.000001
1.406250 0.000000
1.410000 0.000000
1.413750 0.000000
1.417500 0.000000
1.421250 0.000000
1.425000 0.000000
1.428750 0.000000
1.432500 0.000000
1.436250 0.000000
1.440000 0.000000
1.443750 0.000000
1.447500 0.000000
1.451250 0.000000
1.455000 0.000000
1.458750 0.000000
1.462500 0.000000
1.466250 0.000000
1.470000 0.000000
1.473750 0.000000
1.477500 0.000000
1.481250 0.000000
1.485000 0.000000
1.488750 0.000000
1.492500 0.000000
1.496250 0.000000
